"","Fechas","logvol","logprecio","TASALP","logOPEC","logUSDMULTI","logIPI","logASAUDI"
"1","01/01/02",11.2757780658925,3.03677824298999,0.0491710440064494,3.22358758821663,4.84850844458782,4.50081916062344,1.98787434815435
"2","01/02/02",11.2700892803103,3.19630296401581,0.0479326537553027,3.23166163815665,4.85405945372072,4.50809084213554,1.97546895129686
"3","01/03/02",11.3114822489687,3.26797762885385,0.0514532815889157,3.1829356607162,4.84819479289545,4.52480792726356,1.98924327376169
"4","01/04/02",11.3507874152815,3.29700021016814,0.0507881668321051,3.21741617349526,4.84473811571644,4.51450450378734,2.0088849482167
"5","01/05/02",11.2386333456372,3.24048074862058,0.0503128138735892,3.20607402178391,4.8319869826686,4.52010237359803,2.00821403239147
"6","01/06/02",11.2293084522893,3.29346368185877,0.0481232751817282,3.22889613299567,4.82044284292173,4.56038514061199,2.01490302054226
"7","01/07/02",11.2945432875533,3.33932197794407,0.0454512629039174,3.22304205956728,4.80614992460058,4.51006908432541,2.04122032885964
"8","01/08/02",11.2084972892898,3.39013643430273,0.0417175933518685,3.25468526825114,4.81688871963283,4.55553656620996,2.04510886259933
"9","01/09/02",11.3093895576059,3.36514618563851,0.0379699312516286,3.28380808902881,4.82318058519055,4.55422419970315,2.06432790386979
"10","01/10/02",11.3127721795395,3.26535756209776,0.0386436235922045,3.2865247516499,4.83079066717719,4.54165620649511,2.06686275947298
"11","01/11/02",11.273963712979,3.37768989986012,0.039701366851552,3.21691493173328,4.82044284292173,4.53072569568003,2.09186406167839
"12","01/12/02",11.4049058615144,3.48612046857999,0.0395091330947125,3.23323066174683,4.81567419375584,4.5218559660827,2.08567209143047
"13","01/01/03",11.4047598491395,3.57607905016176,0.039701366851552,3.28350388960912,4.80262663036632,4.5297621383331,2.13994850951649
"14","01/02/03",11.2487450523035,3.50441560424795,0.0382587121170903,3.30658026641643,4.8019697619627,4.54015688549397,2.17441075427054
"15","01/03/03",11.1621243924506,3.33703974051392,0.0373921192170627,3.27610347763997,4.7977720521896,4.54798165404754,2.23879295990627
"16","01/04/03",11.2625575273828,3.33471835460468,0.0388360237851982,3.28368261225666,4.79057033239164,4.51940421497657,2.25349988530355
"17","01/05/03",11.196915768639,3.41836660373883,0.0350775266126962,3.25653282690843,4.75471025325767,4.52608801684968,2.23237719795055
"18","01/06/03",11.148293779957,3.42458833445273,0.0327575642381723,3.26119084149206,4.75169183865086,4.5569248733601,2.15501272852691
"19","01/07/03",11.2798638441812,3.45306670068232,0.0390283869674784,3.27985212210076,4.76063428861216,4.51228486383867,2.14464390492547
"20","01/08/03",11.2705384157928,3.34326555952498,0.0435383020144834,3.2925427913818,4.77305469498428,4.55974909012914,2.14464390492547
"21","01/09/03",11.2327484920042,3.4144874639851,0.0418135028134103,3.31529420726187,4.76285746182369,4.56221257933741,2.13759251832187
"22","01/10/03",11.3754689186563,3.43579560415081,0.0420052941450301,3.31456008673147,4.74240720429318,4.55275626393184,2.14920078609469
"23","01/11/03",11.2162161021989,3.46958784951825,0.0421011760186353,3.33859838259507,4.74066215542525,4.54837970445275,2.13179677201376
"24","01/12/03",11.477380094758,3.53294868202881,0.0418135028134103,3.3489342838339,4.72703377374493,4.54299154480881,2.15036588001653
"25","01/01/04",11.3663898832105,3.54437377800421,0.0406619817188897,3.34608536663677,4.71052070159592,4.54121389532146,2.16332302566054
"26","01/02/04",11.3439364516667,3.60445975709133,0.0399896482161584,3.34248625710824,4.71420394701221,4.5599060480752,2.16332302566054
"27","01/03/04",11.4483259895483,3.60050351025354,0.0375847603272712,3.34071724524054,4.72446319217607,4.56383347569106,2.12823170584927
"28","01/04/04",11.4562598708512,3.69585506785036,0.0425804475351185,3.33382369858185,4.73224326855157,4.54506661590062,2.12823170584927
"29","01/05/04",11.4382480999278,3.6388885693805,0.046119935613553,3.37374087804148,4.74797098461976,4.56088804539427,2.14006616349627
"30","01/06/04",11.3324593286985,3.70886880539768,0.0462154237969629,3.38721711150057,4.73847655329632,4.58385052858339,2.2512917986065
"31","01/07/04",11.5306577898843,3.80700105689445,0.0440168854167743,3.3809347745915,4.73100957082724,4.55132627311597,2.2512917986065
"32","01/08/04",11.4846043726646,3.82728436853432,0.0419094030772096,3.39833458777532,4.73347544614102,4.58857016486967,2.2512917986065
"33","01/09/04",11.5033704369366,3.97206033990748,0.0404699325537131,3.39916996116678,4.72915616576908,4.5823958074099,2.2512917986065
"34","01/10/04",11.4132487657807,3.88105851567067,0.0401817896328318,3.38158086304668,4.71492104994721,4.58451635652211,2.2512917986065
"35","01/11/04",11.3888404707583,3.76714035562096,0.041045969436001,3.3885162144673,4.68739512624376,4.57464087295326,2.2512917986065
"36","01/12/04",11.4214563200077,3.84546701205469,0.0414298097631396,3.39528651351624,4.67525579355478,4.5784986416032,2.2512917986065
"37","01/01/05",11.3529970148111,3.88081732393711,0.0413338634929772,3.39873742511522,4.68111218956325,4.5810024856072,2.2512917986065
"38","01/02/05",11.4672903185041,3.99990305258124,0.0408539940082661,3.40534480254313,4.68277916531507,4.59303586195709,2.2512917986065
"39","01/03/05",11.5145336950747,3.97438952666828,0.0440168854167743,3.40915159618751,4.67656018207476,4.59852918326316,2.2512917986065
"40","01/04/05",11.4992372067629,3.90733201994002,0.0424846116061554,3.40507870623399,4.68619702463046,4.59059853325729,2.26176309847379
"41","01/05/05",11.503494771846,4.03281564900116,0.0405659617466618,3.40906438878717,4.69061366780556,4.59374820278562,2.26176309847379
"42","01/06/05",11.4994044668654,4.0779780248018,0.0392207131532813,3.41720897585534,4.70075305588182,4.62765841949969,2.26176309847379
"43","01/07/05",11.5505452473174,4.17152303203372,0.0409499863289542,3.41817822099928,4.70474399088418,4.58981387914239,2.26176309847379
"44","01/08/05",11.5476672984769,4.18285679644517,0.0417175933518685,3.42889428984191,4.69143962114027,4.62580775873793,2.26176309847379
"45","01/09/05",11.4234601704955,4.13346911690615,0.0411419433311752,3.41757208149914,4.69015450989309,4.60146332405677,2.26176309847379
"46","01/10/05",11.4608897898231,4.06633938581202,0.0436340370200613,3.41606773454749,4.7011165270353,4.60248759104559,2.2512917986065
"47","01/11/05",11.379464818186,4.08509557271325,0.0443995872966845,3.41306923155124,4.70835834378426,4.60010437641419,2.2512917986065
"48","01/12/05",11.5815870533223,4.18070733705371,0.0437297628613252,3.40296914449634,4.7019338544204,4.60550113121968,2.2512917986065
"49","01/01/06",11.6658835968519,4.12707293928637,0.043251041994315,3.40425935569798,4.68840778455815,4.59881503472501,2.24070968927596
"50","01/02/06",11.4947059474842,4.13994783539063,0.0446865176224061,3.39926217702764,4.69015450989309,4.60671199678673,2.2512917986065
"51","01/03/06",11.6007387137914,4.2507933512296,0.046119935613553,3.39936236571643,4.69208155797739,4.62023316751513,2.2353763433006
"52","01/04/06",11.6068580727214,4.26190828507458,0.0486949215387586,3.38855108662783,4.68527443022975,4.60055655956209,2.2353763433006
"53","01/05/06",11.5483979034569,4.26225084769744,0.0498372348471716,3.39672070963508,4.6644762918855,4.61504724683035,2.21920348405499
"54","01/06/06",11.4649249888801,4.31035159801175,0.0498372348471716,3.40737824073724,4.67749084756772,4.64890856372568,2.2082744135228
"55","01/07/06",11.3959165613838,4.29335685848198,0.0496469398894137,3.41075159446697,4.67422972191959,4.61834304169834,2.23001440015921
"56","01/08/06",11.694442531582,4.15724111106067,0.047646653467353,3.39942915259951,4.66767539133949,4.65221406438292,2.23001440015921
"57","01/09/06",11.9092024593439,4.08018124226012,0.046119935613553,3.39171927262804,4.67020858216731,4.6424072021456,2.19722457733622
"58","01/10/06",12.1281273201452,4.08434473014377,0.0462154237969629,3.37939475570131,4.67385634377654,4.62995840376424,2.17475172148416
"59","01/11/06",11.9880969677249,4.12852857400217,0.0449733656427312,3.37690468909311,4.66466475777373,4.61793141405069,2.17475172148416
"60","01/12/06",12.3592442748153,3.99818235287701,0.0445908833278752,3.36588103653459,4.65586330030361,4.62806997291433,2.16905370036952
"61","01/01/07",12.4202561754729,4.08798310113316,0.0465018336514199,3.36826088141589,4.6662652853479,4.61639989610628,2.16905370036952
"62","01/02/07",12.2832651413601,4.10660994312599,0.046119935613553,3.37097869507815,4.66315603518674,4.63170695074262,2.15176220325946
"63","01/03/07",12.234242133607,4.15944542521585,0.0445908833278752,3.37809933041618,4.6578575082671,4.64329318148513,2.15176220325946
"64","01/04/07",12.2596788581839,4.15116738186773,0.0458334163431722,3.37212226742471,4.64458318834493,4.633520491301,2.15176220325946
"65","01/05/07",12.2566209004948,4.21256489202924,0.0464063728141558,3.36754769481759,4.63657194912762,4.64357999352319,2.15176220325946
"66","01/06/07",12.2201185385035,4.30335538195925,0.049742091894814,3.37667600857613,4.63463189613771,4.67314000099785,2.15176220325946
"67","01/07/07",12.2949614258448,4.28057890864419,0.048790164169432,3.3761050525291,4.62153554007436,4.64180004577745,2.15176220325946
"68","01/08/07",12.4346623921627,4.37734463859096,0.045642357878701,3.39747653455491,4.62663809260333,4.6747055769514,2.15176220325946
"69","01/09/07",12.4500485968798,4.44564676547011,0.0442082546643203,3.40370520111928,4.61284069229231,4.67023013365922,2.17475172148416
"70","01/10/07",12.588608624846,4.54998964678155,0.0443039255565243,3.39868021625782,4.5921862584298,4.65370603210714,2.17475172148416
"71","01/11/07",12.2909626952202,4.51655177674083,0.0406619817188897,3.42032975170638,4.57594732731119,4.6491612337505,2.19722457733622
"72","01/12/07",12.4566465218924,4.53247045256981,0.0401817896328318,3.41954584760285,4.58466130935655,4.64946645821006,2.2082744135228
"73","01/01/08",12.4560567448714,4.55754384431445,0.0367175829351629,3.4222897977381,4.57635910413397,4.64219811212484,2.21920348405499
"74","01/02/08",12.603975901431,4.65986767985801,0.0367175829351629,3.42915136936934,4.56860993067629,4.64102273323361,2.21920348405499
"75","01/03/08",12.452204475541,4.72262185385935,0.0344980404075674,3.41963986870053,4.54764699974443,4.64468989289982,2.21920348405499
"76","01/04/08",12.6876474624322,4.83197559570754,0.0361390466158731,3.4313180325097,4.54329478227,4.63035926068661,2.2082744135228
"77","01/05/08",12.6008394604311,4.89795706397074,0.0380662008064563,3.43389781339311,4.54669325622912,4.62751858965185,2.24070968927596
"78","01/06/08",12.4854686979137,4.89733505318471,0.0401817896328318,3.4454809619752,4.54807059394752,4.65400606339837,2.24601474150565
"79","01/07/08",12.4690813907369,4.75950452209236,0.0393168623769504,3.43921541675982,4.53977796722104,4.62631113302104,2.27212588550934
"80","01/08/08",12.5038553203408,4.64211725386777,0.0381624610943489,3.42964896922595,4.56393143797149,4.63381109136302,2.26176309847379
"81","01/09/08",12.4178518667653,4.34548052341204,0.0362354925820954,3.4309503398115,4.58802402715312,4.58247764691653,2.24070968927596
"82","01/10/08",12.3787823666958,4.05075925030325,0.0373921192170627,3.40757698862619,4.65224459337402,4.57811034873099,2.24070968927596
"83","01/11/08",12.2252775216597,3.73577439944254,0.0346912397899303,3.38574527710323,4.6787923258587,4.55676219877974,2.19165353228676
"84","01/12/08",12.4541858442278,3.73584652889391,0.0239118200463129,3.35246221598028,4.66927111139461,4.53431415131864,2.14006616349627
"85","01/01/09",12.4493128985435,3.67130085183964,0.0248877155077789,3.34709312266895,4.67488279839939,4.50592427133012,2.09186406167839
"86","01/02/09",12.3657691434125,3.87090334765225,0.0282958691548473,3.34335638197231,4.69920682791447,4.49750924861022,2.08567209143047
"87","01/03/09",12.3164697419444,3.91101297171579,0.0278097006392672,3.34849959266171,4.704110133843,4.48676495680946,2.08567209143047
"88","01/04/09",12.4376525108651,4.08113266824987,0.0288789595503768,3.34937763293236,4.6795352679434,4.45867512697171,2.08567209143047
"89","01/05/09",12.4466934845937,4.24413510114925,0.0323703800304506,3.35221719944044,4.64870848800257,4.46111157614345,2.08567209143047
"90","01/06/09",12.4770680523685,4.15962685434969,0.0365247746823722,3.36072254909644,4.63666885304746,4.48678071648787,2.11625551480255
"91","01/07/09",12.5150011554236,4.26545770544193,0.0349809688952456,3.36404918602665,4.63317438239769,4.47909435999894,2.14006616349627
"92","01/08/09",12.5204540267856,4.24086758587489,0.0352706140819193,3.36456797483936,4.61996027146073,4.51359860889135,2.12823170584927
"93","01/09/09",12.6590688283443,4.32841006937073,0.0334347760862374,3.36608820454859,4.6125429403175,4.50526255407796,2.11625551480255
"94","01/10/09",12.6833590657576,4.35856607529416,0.0333380596105104,3.36733031215058,4.59794414089635,4.49957742114029,2.11625551480255
"95","01/11/09",12.4823921939344,4.30914227262312,0.0334347760862374,3.36670945120348,4.59340120238809,4.49605708261645,2.11625551480255
"96","01/12/09",12.5541669333594,4.36185749286446,0.0352706140819193,3.36650600091221,4.5970372027579,4.50495308692267,2.10413415427021
"97","01/01/10",12.7402910826842,4.34007553068375,0.0366211834556454,3.37163996675298,4.59935330066653,4.5151032363967,2.10413415427021
"98","01/02/10",12.5402793305836,4.39664091483753,0.0362354925820954,3.37379329634987,4.61393169165666,4.51598262464419,2.12823170584927
"99","01/03/10",12.7520751025545,4.43764152991554,0.0366211834556454,3.37854773745668,4.60616968632117,4.52865948343432,2.14006616349627
"100","01/04/10",12.8852603443207,4.30565167176036,0.0377773643340299,3.37838334261373,4.60176439285326,4.51661106640805,2.16332302566054
"101","01/05/10",12.7064993878592,4.32286755767963,0.0336281809799841,3.3981499763691,4.63083793273667,4.53667718954279,2.16332302566054
"102","01/06/10",12.5967399146895,4.33575828801055,0.031498667059371,3.39634110903498,4.63734691768331,4.56739978062985,2.21920348405499
"103","01/07/10",12.6172847002606,4.342412987152,0.0296558849075107,3.39535243318279,4.6208466653731,4.54962682019683,2.23001440015921
"104","01/08/10",12.6901596721611,4.32477577960549,0.0266419309464211,3.39467965401323,4.61184784074133,4.5774155652319,2.23001440015921
"105","01/09/10",12.6354232269209,4.40641141818243,0.0261549574768512,3.37728542261583,4.60296776243289,4.5660186704406,2.23001440015921
"106","01/10/10",12.6815612050065,4.4345569611841,0.0250827803674632,3.38173987280576,4.57367951889672,4.5543430986986,2.17475172148416
"107","01/11/10",12.4316380238525,4.49010666337669,0.0272259862535915,3.38294219845655,4.57666782551538,4.54507723530951,2.19722457733622
"108","01/12/10",12.7412940472013,4.4935797784565,0.0323703800304506,3.4027833899525,4.58455923208397,4.56113679043503,2.18605127673809
"109","01/01/11",12.6983589009243,4.50875368016075,0.0333380596105104,3.38685576387285,4.57316338985301,4.56005251993456,2.2082744135228
"110","01/02/11",12.6116528986756,4.63289588776791,0.0351740750076541,3.34544052635649,4.5660134707869,4.55122706812778,2.2082744135228
"111","01/03/11",12.5458216505343,4.7008303045567,0.0335314832087923,3.34707419215902,4.5560849782976,4.56880594921882,2.18605127673809
"112","01/04/11",12.8044708637738,4.61798275336507,0.0340148785872776,3.35018506534043,4.53977796722104,4.54908120010616,2.18605127673809
"113","01/05/11",12.7164940968295,4.56735030934903,0.0312079271241932,3.3726286884342,4.53828224044646,4.55715781925579,2.18605127673809
"114","01/06/11",12.5158341631248,4.57821514102659,0.0295588022415444,3.38242715126086,4.53881668543807,4.58798129989241,2.26176309847379
"115","01/07/11",12.7991106493735,4.45700233085334,0.0295588022415444,3.38527526144991,4.53259949315326,4.57657624811518,2.28238238567653
"116","01/08/11",12.6355565037873,4.44980209875439,0.0227394869694893,3.38753929992146,4.53764052919449,4.60212756189839,2.29253475714054
"117","01/09/11",12.6662105809659,4.45539326066986,0.0196065296389183,3.3764954865287,4.56632540216452,4.59112906926832,2.27212588550934
"118","01/10/11",12.6025370512386,4.57638851024751,0.0212721352755398,3.40525384308646,4.57718214944792,4.58745316230793,2.2512917986065
"119","01/11/11",12.3182995334563,4.59082492589519,0.0199006617063362,3.40469887759733,4.58353788586098,4.58063873541043,2.28238238567653
"120","01/12/11",12.4874731882936,4.60931421960755,0.0196065296389183,3.41158418490416,4.59198362418392,4.59076086861408,2.28238238567653
"121","01/01/12",12.5507610369227,4.63060120198911,0.019508466388043,3.42116394976767,4.58782054765298,4.5945611082088,2.28238238567653
"122","01/02/12",12.4712772780995,4.66537118867885,0.019508466388043,3.4280908226845,4.56985384086052,4.59649567093573,2.30258509299405
"123","01/03/12",12.3194727568577,4.63808258194385,0.021467906615241,3.43597699772645,4.57532934397707,4.59742124030758,2.30158459266046
"124","01/04/12",12.469293685553,4.55498905491758,0.0202927032677624,3.42304308385743,4.57851815499066,4.58866268379926,2.29152414563462
"125","01/05/12",12.5536227510691,4.41164900406975,0.017839918128331,3.42591109972086,4.59643212004481,4.59679420519525,2.27109442590267
"126","01/06/12",12.4264684251752,4.47648417836005,0.0160701801774945,3.42198537300089,4.61035671267539,4.62242643676272,2.30058309032337
"127","01/07/12",12.2996333618243,4.54388938301313,0.0151841353250401,3.42790669105914,4.60537016599076,4.60741067421882,2.30008196277593
"128","01/08/12",12.3378577775788,4.54921785565459,0.0166604408931072,3.42109301116944,4.59683554919803,4.62385552268085,2.30008196277593
"129","01/09/12",12.3393014354376,4.49671904069542,0.0170537545658276,3.40600984980563,4.58118482323758,4.61391682239465,2.278292400425
"130","01/10/12",12.4131371429163,4.46282729675816,0.0173486383346131,3.40322452561678,4.57738780497564,4.60502917604666,2.278292400425
"131","01/11/12",12.1163321890794,4.47798851593831,0.0163653540862642,3.3892520527898,4.5842529377327,4.60463504282453,2.2512917986065
"132","01/12/12",12.2415580256205,4.55066648058359,0.0170537545658276,3.38124416702827,4.57759341821786,4.61016270261113,2.21920348405499
"133","01/01/13",12.2940262867827,4.55481855336106,0.0189198848525108,3.37727494157945,4.57800451791532,4.61018558780755,2.2082744135228
"134","01/02/13",12.2129514323347,4.53213702063793,0.0196065296389183,3.38285668122996,4.58496747867057,4.61351526872359,2.2082744135228
"135","01/03/13",12.4162341110431,4.52252447219004,0.0194103935198234,3.39807504557347,4.59431144265322,4.61981837549388,2.2082744135228
"136","01/04/13",12.5424145165113,4.55265605099361,0.0174469136037207,3.39689597720524,4.59025957325234,4.61042236909537,2.24070968927596
"137","01/05/13",12.4124463659684,4.56226790416988,0.0191161171922301,3.39286923202796,4.59532184993328,4.61270472988918,2.26176309847379
"138","01/06/13",12.3968779545635,4.64950889903863,0.0227394869694893,3.39680103186285,4.60206537103461,4.63907873763927,2.28238238567653
"139","01/07/13",12.3928049153955,4.66850770245819,0.0254727959730311,3.39891982332744,4.60756731058781,4.62062809453017,2.30258509299405
"140","01/08/13",12.3421560913948,4.6658889210228,0.0270313390510305,3.37134074173804,4.60586994110236,4.64712370009853,2.32238772029023
"141","01/09/13",12.310948498508,4.61256550011862,0.0277124385665358,3.37009906965001,4.60477010596675,4.64098317636699,2.31253542384721
"142","01/10/13",12.3263015764335,4.54172820625585,0.0258626595257274,3.35243537209638,4.5940081212819,4.62954957879856,2.28238238567653
"143","01/11/13",12.0855646505421,4.58361963195765,0.0268366539535598,3.35897628385319,4.60256680011798,4.6275176117519,2.28238238567653
"144","01/12/13",12.2636833181968,4.55250274209996,0.0285874568519125,3.37699949334222,4.60406958054406,4.63043824273481,2.28238238567653
"145","01/01/14",12.2408858869571,4.61185280745195,0.0281986543586787,3.38164742044321,4.61293992325245,4.62930849864117,2.29253475714054
"146","01/02/14",12.3073807110927,4.60971484337078,0.0267392971896215,3.36463066088672,4.61462534475885,4.63590887441436,2.287471455184
"147","01/03/14",12.3216246226698,4.62531355816532,0.0268366539535598,3.3589386611007,4.61403081442029,4.65007375952046,2.26695791535089
"148","01/04/14",12.2478678806981,4.62406776954198,0.0267392971896215,3.36940088865704,4.61065511621866,4.63727622669827,2.26695791535089
"149","01/05/14",12.1871980161307,4.65535620121828,0.0252778071842686,3.37038123763094,4.60756731058781,4.64470335032342,2.26695791535089
"150","01/06/14",12.3399019104114,4.6312852897726,0.0256677467485778,3.37897985684672,4.60956053428938,4.67252318027779,2.26695791535089
"151","01/07/14",12.2946328225097,4.56514152752688,0.0250827803674632,3.38907901665378,4.60706838327117,4.6556978873841,2.28238238567653
"152","01/08/14",12.4861562798297,4.53433308252172,0.0239118200463129,3.39764728752843,4.61601120916597,4.67943685983375,2.27212588550934
"153","01/09/14",12.6531041983468,4.43689138470196,0.0249852526939086,3.40712978345144,4.63025296635555,4.6715074010055,2.26176309847379
"154","01/10/14",12.6370806677094,4.32343042299194,0.0227394869694893,3.38868600646609,4.64294755032212,4.66156942283721,2.27212588550934
"155","01/11/14",12.616150906335,4.08446256236765,0.0230326991105728,3.39781362989254,4.65890050840906,4.66385787433592,2.26176309847379
"156","01/12/14",12.8090502855295,3.865478144837,0.0218593343528935,3.38461661060866,4.6815755171905,4.66231676642469,2.26176309847379
"157","01/01/15",13.0047210818436,3.93096073115772,0.0186254641231648,3.38116663234813,4.70202462735197,4.65812310244076,2.26176309847379
"158","01/02/15",12.7621201699215,3.86840941970712,0.0196065296389183,3.40910070132502,4.71590622758276,4.6550216914974,2.27212588550934
"159","01/03/15",12.8036642591558,3.99597136275898,0.0201947072855193,3.41416852480206,4.73356340075649,4.65535461581251,2.31253542384721
"160","01/04/15",12.6674406574331,4.08460792059576,0.0192142189238044,3.4223562457161,4.72676815773558,4.63384413083936,2.31253542384721
"161","01/05/15",12.6023135225942,4.09148441523179,0.0217614917815127,3.43697480168502,4.71849887129509,4.63584099108445,2.33214389523559
"162","01/06/15",12.6935185088532,3.93792109952388,0.0233258253034968,3.44364122826901,4.72561633906396,4.65954662260427,2.34660197841082
"163","01/07/15",12.8321567877054,3.75123199398446,0.022934971282496,3.43680751399337,4.74162230912359,4.64760304237343,2.33795223683134
"164","01/08/15",12.8464341905573,3.81645975016293,0.021467906615241,3.44095138207968,4.75909226826035,4.66936958713098,2.32727770558442
"165","01/09/15",12.8414245784263,3.8349161353795,0.021467906615241,3.43371526428696,4.76575725063604,4.64810610459558,2.32727770558442
"166","01/10/15",12.8839627769819,3.75903831230745,0.0204886664273156,3.43773658611572,4.75746199633035,4.63828672962557,2.32238772029023
"167","01/11/15",12.9012463428173,3.62009064341231,0.0223484036637618,3.43733900029118,4.77330829826557,4.6252080797246,2.31253542384721
"168","01/12/15",13.2119837165406,3.45302148766096,0.0221528046411333,3.44965549070739,4.78298158730416,4.61794721104354,2.31253542384721
"169","01/01/16",13.2585171618518,3.42470158951748,0.0206845911928326,3.43609884437125,4.80369312212005,4.62853020375118,2.32238772029023
"170","01/02/16",13.1080132865967,3.63608126847166,0.0176434351725953,3.43912061884202,4.79545991243122,4.62162112421321,2.32238772029023
"171","01/03/16",13.2235239428258,3.71661041940312,0.0187236139981025,3.44253310020363,4.77617798288177,4.61279405033926,2.32238772029023
"172","01/04/16",13.1920937102331,3.84890892380141,0.017938145131013,3.44334173348248,4.75917799846744,4.60813777832698,2.32238772029023
"173","01/05/16",13.0680674936483,3.88881951086098,0.017938145131013,3.45711960766259,4.76941262938214,4.60777878064464,2.33214389523559
"174","01/06/16",13.0544816740556,3.81034257859585,0.0162669724638719,3.45978054857776,4.7738153119658,4.64091949617276,2.35137525716348
"175","01/07/16",13.1256561321324,3.80228930487693,0.0148886124937506,3.45580371021956,4.77979553614758,4.62486986680899,2.36368019235386
"176","01/08/16",13.2502709861586,3.81044277503529,0.0154795708483864,3.45743655831822,4.77059987511183,4.64809365087195,2.36085400111802
"177","01/09/16",13.139619628179,3.91390124043992,0.0161685811615837,3.46571487132857,4.77836690444949,4.63430462635621,2.35707327827812
"178","01/10/16",13.3201160924267,3.82570229896162,0.0174469136037207,3.47789033130942,4.78782502057217,4.62907419502948,2.35612585992208
"179","01/11/16",13.1356161229419,3.95531757702474,0.0211742352314066,3.47350898893723,4.81315948953062,4.6198026080324,2.36085400111802
"180","01/12/16",13.1793988207837,3.96371803723841,0.0245950468553801,3.44393753533831,4.829912458666,4.63131929834314,2.35137525716348
"181","01/01/17",13.0956898278432,3.97925897206121,0.0240094524603519,3.4401616516803,4.82975270149656,4.63143229797698,2.30058309032337
"182","01/02/17",13.1687706594305,3.90463212362507,0.0239118200463129,3.42800158441421,4.8146204101703,4.62708235134928,2.30258509299405
"183","01/03/17",13.1449001376678,3.93412433026221,0.0244974716003874,3.43062672568616,4.81023122975154,4.63943827048241,2.2975725511705
"184","01/04/17",13.2960238508999,3.88510748917208,0.0227394869694893,3.44677604527332,4.8023803552758,4.62506300529528,2.30058309032337
"185","01/05/17",13.3829375791266,3.81100657588379,0.0227394869694893,3.460409241294,4.79768956775849,4.63805645577283,2.30757263450508
"186","01/06/17",13.4335634848514,3.83994681396327,0.0216636396360264,3.46729718336668,4.78390197393149,4.66611475661545,2.32727770558442
"187","01/07/17",13.4664373616751,3.87318767264631,0.022934971282496,3.46313878320234,4.77059987511183,4.64986531024841,2.32238772029023
"188","01/08/17",13.2872147951153,3.90497092505862,0.0218593343528935,3.46776509260083,4.75832036548177,4.66524595132801,2.31648799816304
"189","01/09/17",13.2089289408005,3.94084182054868,0.0217614917815127,3.46166512842925,4.74866428562682,4.65139324844584,2.32140684723463
"190","01/10/17",13.2992631198569,4.03849545128267,0.0233258253034968,3.4535051612855,4.76686377498608,4.66102013304752,2.31845844215034
"191","01/11/17",13.0699231097048,4.0600570576279,0.0232281261192072,3.44925712040571,4.76898827121749,4.66028128328279,2.31550131826059
"192","01/12/17",13.3178783503956,4.15162857197085,0.0237165266173161,3.45808168386287,4.76550172489043,4.66714166509079,2.30856716467159
"193","01/01/18",13.3360043216221,4.12841687230662,0.0254727959730311,3.45271398444786,4.74319148388547,4.66556042739841,2.31845844215034
"194","01/02/18",13.2869241731736,4.13950759693834,0.0281986543586787,3.44709447604916,4.73409096605493,4.66664150807619,2.31253542384721
"195","01/03/18",13.3130333225605,4.19457048991559,0.0280041964095973,3.44499095666057,4.73672462572839,4.67587465851658,2.30757263450508
"196","01/04/18",13.3397607669471,4.2466301498457,0.0282958691548473,3.44131512825804,4.7361984483945,4.67126031525894,2.30856716467159
"197","01/05/18",13.2811919559255,4.20949980959847,0.029364608629904,3.4413471502892,4.76396719773509,4.6661439233272,2.31451366385932
"198","01/06/18",13.1611445709061,4.26039020210135,0.0286846338599089,3.44317071313958,4.78046712784508,4.69786148497024,2.34372703632522
"199","01/07/18",13.0266941330841,4.21591838361451,0.0284902703996274,3.45093947355697,4.78548974011137,4.6869483100321,2.3494686788929
"200","01/08/18",13.1830791406673,4.24961706157447,0.0284902703996274,3.45524355007924,4.79347381445959,4.7156394298434,2.34372703632522
"201","01/09/18",13.2396323415708,4.26275669873834,0.0295588022415444,3.46075476751817,4.79603844875051,4.70351937967196,2.35327820730956
"202","01/10/18",13.4366453565992,4.03551094919565,0.0310140535291695,3.45303053030217,4.8023803552758,4.69851479896733,2.37211115564266
"203","01/11/18",13.3295238775452,3.88917394245543,0.0307231726428405,3.42803403561572,4.81324070780478,4.69806016674466,2.39789527279837
"204","01/12/18",13.4074829193776,3.93993418681575,0.0279069532530079,3.40638390834946,4.81218435537242,4.69971279856077,2.35137525716348
"205","01/01/19",13.2388273212193,4.00983418729969,0.0267392971896215,3.40422612372216,4.79678178968914,4.69795353969091,2.30757263450508
"206","01/02/19",13.2525675743972,4.06333701267278,0.0264471700148482,3.38760542814269,4.79521186579718,4.69426929880654,2.31253542384721
"207","01/03/19",13.3321339071364,4.15686467868825,0.0253753063312283,3.38963074529069,4.7980194646687,4.69831438538591,2.287471455184
"208","01/04/19",13.3767246625214,4.11120880446799,0.0249852526939086,3.37878134237782,4.79933796506573,4.67683388763074,2.287471455184
"209","01/05/19",13.3425979015991,4.00198253234993,0.0237165266173161,3.38184465314634,4.80990533761895,4.6815755171905,2.29253475714054
"210","01/06/19",13.1856895568901,4.05118397682163,0.0204886664273156,3.36746822891803,4.80614992460058,4.70739097786767,2.30258509299405
"211","01/07/19",13.3340795990218,4.00449444910371,0.020390689647734,3.37570861889499,4.80205189411338,4.68978427511132,2.27726728500976
"212","01/08/19",13.3284408651499,4.03889591577884,0.0161685811615837,3.32089075027493,4.82052347182724,4.71896215681892,2.287471455184
"213","01/09/19",13.1110110005258,3.98894195808597,0.0168571170664228,3.37228337149751,4.82382367202944,4.7015216416583,2.14006616349627
"214","01/10/19",13.0678902960062,4.04512097083666,0.0169554406494134,3.36746822891803,4.81907115593537,4.68973097941576,2.287471455184
"215","01/11/19",12.9912667326599,4.09118879435387,0.017938145131013,3.36401459053444,4.81583621579119,4.69343560966571,2.29253475714054
"216","01/12/19",13.2233502372381,4.06184382808117,0.0184291354683671,3.35585127989528,4.81153373726228,4.69299789635361,2.27726728500976
"217","01/01/20",13.4000530445973,3.92607617642698,0.0174469136037207,3.33291854090886,4.80467656753615,4.68737486261394,2.287471455184
"218","01/02/20",13.3319555217668,3.43140322371922,0.0148886124937506,3.33719205168624,4.81737411726392,4.69232355289668,2.27726728500976
"219","01/03/20",13.2942562340131,2.81535168905399,0.00866237307865259,3.41197245483011,4.85249890409066,4.64831204753479,2.28238238567653
"220","01/04/20",12.5963225878319,3.36630788143632,0.00657831536012251,3.1896529661913,4.87321061818458,4.4891631972263,2.45100509811232
"221","01/05/20",12.7576274595102,3.64580587355021,0.0066776547532405,3.10682632105958,4.8673036545935,4.50855024882595,2.14593128294867
"222","01/06/20",12.6381116770792,3.70785732080033,0.00727348396649847,3.13440666824175,4.84465941583839,4.59547231326469,2.04122032885964
"223","01/07/20",12.633680777324,3.74660576222696,0.0061808590750811,3.17555070012983,4.8373131210991,4.61997406582809,2.12823170584927
"224","01/08/20",12.6802920782753,3.67804927966939,0.00647896609770907,3.17450587713226,4.82229566497674,4.65053831117912,2.18605127673809
"225","01/09/20",12.7191316825709,3.67768061681335,0.00677698427902367,3.1904763503465,4.81551214546509,4.62918549609018,2.19833507162025
"226","01/10/20",12.7698070830293,3.72616376986123,0.0078689583786952,3.22207071576472,4.80990533761895,4.63959286851816,2.19833507162025
"227","01/11/20",12.5671064094954,3.8501273381005,0.00866237307865259,3.22902415592002,4.79330812810349,4.64232723278442,2.19833507162025
"228","01/12/20",12.8468844375953,3.95353047925777,0.00925702126267685,3.23159459727598,4.77516609309141,4.65796754869758,2.19833507162025
"229","01/01/21",12.9131344715748,4.08195655253431,0.010742096531902,3.21326008608257,4.77076936663766,4.67282416155379,2.2082744135228
"230","01/02/21",12.9628015687236,4.13521019211032,0.0125212805536717,3.22565280914722,4.77491296057519,4.6533716054528,2.10413415427021
